-70.0
-69.99999999999997
-69.99999999999997
-69.99999999999997
-69.99999999999997
-69.99999999999997
-69.99999999999997
-69.99999999999997
-69.99999999999997
-69.99999999999997
-69.99999999999997
-69.99999999999997
-69.99999999999997
-69.99999999999997
-69.99999999999997
-69.99999999999997
-69.99999999999997
-69.99999999999997
-69.99999999999997
-69.99999999999997
-69.99999999999997
-69.99999999999997
-69.99999999999997
-69.99999999999997
-69.99999999999997
-69.99999999999997
-69.99999999999997
-69.99999999999997
-69.99999999999997
-69.99999999999997
-69.99999999999997
-69.99999999999997
-69.99999999999997
-69.99999999999997
-69.99999999999997
-69.99999999999997
-69.99999999999997
-69.99999999999997
-69.99999999999997
-69.99999999999997
-69.99999999999997
-69.99999999999997
-69.99999999999997
-69.99999999999997
-69.99999999999997
-69.99999999999997
-69.99999999999997
-69.99999999999997
-69.99999999999997
-69.99999999999997
-69.99999999999997
-69.99999999999997
-69.99999999999997
-69.99999999999997
-69.99999999999997
-69.99999999999997
-69.99999999999997
-69.99999999999997
-69.99999999999997
-69.99999999999997
-69.99999999999997
-69.99999999999997
-69.99999999999997
-69.99999999999997
-69.99999999999997
-69.99999999999997
-69.99999999999997
-69.99999999999997
-69.99999999999997
-69.99999999999997
-69.99999999999997
-69.99999999999997
-69.99999999999997
-69.99999999999997
-69.99999999999997
-69.99999999999997
-69.99999999999997
-69.99999999999997
-69.99999999999997
-69.99999999999997
-69.99999999999997
-69.99999999999997
-69.99999999999997
-69.99999999999997
-69.99999999999997
-69.99999999999997
-69.99999999999997
-69.99999999999997
-69.99999999999997
-69.99999999999997
-69.99999999999997
-69.99999999999997
-69.99999999999997
-69.99999999999997
-69.99999999999997
-69.99999999999997
-69.99999999999997
-69.99999999999997
-69.99999999999997
-69.99999999999997
-69.99999999999997
-69.99999999999997
-69.99999999999997
-69.99999999999997
-69.99999999999997
-69.99999999999997
-69.99999999999997
-69.99999999999997
-69.99999999999997
-69.99999999999997
-69.99999999999997
-69.99999999999997
-69.99999999999997
-69.99999999999997
-69.99999999999997
-69.99999999999997
-69.99999999999997
-69.99999999999997
-69.99999999999997
-69.99999999999997
-69.99999999999997
-69.99999999999997
-69.99999999999997
-69.99999999999997
-69.99999999999997
-69.99999999999997
-69.99999999999997
-69.99999999999997
-69.99999999999997
-69.99999999999997
-69.99999999999997
-69.99999999999997
-69.99999999999997
-69.99999999999997
-69.99999999999997
-69.99999999999997
-69.99999999999997
-69.99999999999997
-69.99999999999997
-69.99999999999997
-69.99999999999997
-69.99999999999997
-69.99999999999997
-69.99999999999997
-69.99999999999997
-69.99999999999997
-69.99999999999997
-69.99999999999997
-69.99999999999997
-69.99999999999997
-69.99999999999997
-69.99999999999997
-69.99999999999997
-69.99999999999997
-69.99999999999997
-69.99999999999997
-69.99999999999997
-69.99999999999997
-69.99999999999997
-69.99999999999997
-69.99999999999997
-69.99999999999997
-69.99999999999997
-69.99999999999997
-69.99999999999997
-69.99999999999997
-69.99999999999997
-69.99999999999997
-69.99999999999997
-69.99999999999997
-69.99999999999997
-69.99999999999997
-69.99999999999997
-69.99999999999997
-69.99999999999997
-69.99999999999997
-69.99999999999997
-69.99999999999997
-69.99999999999997
-69.99999999999997
-69.99999999999997
-69.99999999999997
-69.99999999999997
-69.99999999999997
-69.99999999999997
-69.99999999999997
-69.99999999999997
-69.99999999999997
-69.99999999999997
-69.99999999999997
-69.99999999999997
-69.99999999999997
-69.99999999999997
-69.99999999999997
-69.99999999999997
-69.99999999999997
-69.99999999999997
-69.99999999999997
-69.99999999999997
-69.99999999999997
-69.99999999999997
-69.99999999999997
-59.99999999999997
-51.99999999999994
-39.87999999999989
-11.77462399999969
35.0
-65.0
-65.457768384
-65.6664456477844
-65.67600020862709
-65.53725282183643
-65.28998970494476
-64.9607774013428
-64.56490683633965
-64.10892963974393
-63.592408713825186
-63.00852347570153
-62.34338204895469
-61.57366515764969
-60.6616067703264
-59.544944676056545
-58.116159152831
-56.176355335562064
-53.32169165881784
-48.622310562243015
-39.52728044075904
-16.98436627548312
35.0
-65.0
-71.39828517232768
-74.61142548088611
-74.83608033253799
-74.54575705181911
-74.24829741378304
-73.9506345630892
-73.65273219506744
-73.3544355699366
-73.05557375511574
-72.75596178676673
-72.45539905804725
-72.15366720568383
-71.85052761328642
-71.54571846635028
-71.23895126155672
-70.9299066457599
-70.6182294257368
-70.30352254457927
-69.9853397603405
-69.66317668136608
-69.33645970223832
-69.0045322321584
-68.66663739570846
-68.32189608697307
-67.96927883031894
-67.60756928016147
-67.23531627583189
-66.85076999208658
-66.45179562105179
-66.03575473358921
-65.59933921426585
-65.13833405600623
-64.64727080016283
-64.11890821601342
-63.543431505929185
-62.90717658630549
-62.19052030100972
-61.364236404390624
-60.38287223191162
-59.17195558845657
-57.601394020202065
-55.42487671967038
-52.124845961170266
-46.4506123395127
-34.72268803149373
-2.4026048480910447
35.0
-65.0
-71.45254993066308
-74.68012285227229
-74.88992589810064
-74.59693323488702
-74.29941131318135
-74.00177091608609
-73.70391972107022
-73.40570256252292
-73.10695056392802
-72.80748124101339
-72.50709681135967
-72.20558212738463
-71.9027022469908
-71.59819957158383
-71.2917904571085
-70.9831611783874
-70.67196309438712
-70.35780681898947
-70.04025514452809
-69.71881438827538
-69.39292372734236
-69.06194194359347
-68.72513080019615
-68.38163398989715
-68.03045019335721
-67.67039820407193
-67.30007122042733
-66.91777612426824
-66.52145161165448
-66.10855600085966
-65.67591070352375
-65.21947745158538
-64.7340341423173
-64.21269130576616
-63.64615034414523
-63.0215288232251
-62.32043093477485
-61.5156411855207
-60.56517102241489
-59.4008884921342
-57.90519891920415
-55.858827796697746
-52.8101546929137
-47.6972182517775
-37.5160156226223
-11.094265179712917
35.0
-65.0
-71.40985807844785
-74.62609615620346
-74.8475961028513
-74.55669103836352
-74.25921641612253
-73.96155860607122
-73.66366755161151
-73.36538832237244
-73.06655042122763
-72.76696941776352
-72.46644531360252
-72.16476043848391
-71.86167696809187
-71.55693399702238
-71.25024407011726
-70.94128904861292
-70.6297151536045
-70.31512698459942
-69.99708025131034
-69.67507287655339
-69.34853401888009
-69.0168104132707
-68.67914921894157
-68.33467626817863
-67.98236818811918
-67.62101625503848
-67.24917893773616
-66.86511873184148
-66.46671681543017
-66.05135582315556
-65.61575587407587
-65.15574053877192
-64.66589521324676
-64.13905569521003
-63.56552044513184
-62.93179726453703
-62.21853359637169
-61.39694787506098
-60.42235632896347
-59.22170027375677
-57.66768879690777
-55.52011365048689
-52.27643499101242
-46.72947567772877
-35.35820654929822
-4.434776777957495
35.0
-65.0
-71.44247654811626
-74.66738809272583
-74.87995934338397
-74.58745093646547
-74.28993907373196
-73.99229473956002
-73.69443440434245
-73.39620289607797
-73.09743095428004
-72.79793563856236
-72.49751864766775
-72.19596424352432
-71.8930368095352
-71.58847797341916
-71.28200319966139
-70.97329773096493
-70.66201172513617
-70.34775439040268
-70.03008686430934
-69.70851350352018
-69.38247114608679
-69.05131576239226
-68.71430570885184
-68.3705805137778
-68.01913371838822
-67.65877770708823
-67.2880975943515
-66.90538993742086
-66.50858006328524
-66.0951087135605
-65.66177379773607
-65.20450502461476
-64.71803572572183
-64.19541291266933
-63.627244968435825
-63.000508940504034
-62.29658898905564
-61.48791031992061
-60.53186778813456
-59.35920624997376
-57.85012999682807
-55.780638548793476
-52.68769828627265
-47.47711655578724
-37.03174017254208
-9.63200396273573
35.0
-65.0
-71.41695775464693
-74.63509093027461
-74.8546520513776
-74.5633934238456
-74.26591007529531
-73.96825529124368
-73.67037106964386
-73.372102391435
-73.07327902759253
-72.77371687371406
-72.47321630305017
-72.17156006853612
-71.86851082948317
-71.56380823549605
-71.25716547123292
-70.9482651391009
-70.63675432325438
-70.3222386338219
-70.00427497105316
-69.6823626693402
-69.35593257259407
-69.02433344325337
-68.68681489950521
-68.34250578247656
-67.99038643660859
-67.62925277927255
-67.25766914074293
-66.8739055134438
-66.47585279809522
-66.0609064341839
-65.62580369554509
-65.16639157783307
-64.67728815656841
-64.15137593536487
-63.57902198845896
-62.94683814389879
-62.235635422504124
-61.41690069938062
-60.446413599519005
-59.25196563521153
-57.707946796884514
-55.57779882432961
-52.36792719631855
-46.896927102971254
-35.736868802030706
-5.630286944044109
35.0
-65.0
-71.436572707531
-74.65992069063186
-74.87411198001624
-74.58188978022741
-74.28438412397584
-73.98673743240512
-73.68887166444068
-73.39063166134082
-73.09184793795953
-72.79233728569976
-72.49190109807074
-72.19032328956854
-71.88736784669213
-71.58277594183969
-71.27626251480413
-70.96751220073043
-70.65617445026545
-70.34185764396548
-70.02412194485763
-69.70247055479479
-69.376338933857
-69.04508139582099
-68.70795428931785
-68.36409468776563
-68.01249310196775
-67.65195813624263
-67.28107013573056
-66.8981195643666
-66.50102385618516
-66.08721337153597
-65.65347213263026
-65.19571091646422
-64.70863669274323
-64.18525887613919
-63.61613075070087
-62.98814605936087
-62.2825583916584
-61.47157949270156
-60.51223739800305
-59.334607651353195
-57.817580247555846
-55.73432535356406
-52.61495324533754
-47.34581995830668
-36.74103726879386
-8.74524808498478
35.0
-65.0
-71.42128237793838
-74.64056793764142
-74.85894680996219
-74.5674740650877
-74.2699855724661
-73.97233260660745
-73.67445250705255
-73.37619021088325
-73.07737565270563
-72.77782492623992
-72.47733863049434
-72.17569977546253
-71.8726713141981
-71.56799323337695
-71.26137910620109
-70.95251198513051
-70.64103947833456
-70.32656780948592
-70.00865460152347
-69.68680004560123
-69.3604360084324
-69.0289124826945
-68.69148057842145
-68.34727096188632
-67.99526623201587
-67.63426512037329
-67.262835510645
-66.8792519389616
-66.4814111972506
-66.0667164815143
-65.63191545368993
-65.17286928934614
-64.68421583779251
-64.15886585039684
-63.587227876995115
-62.955976589056064
-62.24602175607251
-61.42901216972773
-60.46100668475875
-59.270308496583866
-57.73231771173617
-55.612665295049865
-52.42310862288144
-46.99760969997634
-35.96347872165597
-6.340266378421145
35.0
-65.0
-71.43307527859022
-74.65549569429024
-74.87064586777757
-74.57859405007673
-74.28109218028656
-73.98344407495622
-73.68557506215352
-73.38732999711198
-73.08853926174805
-72.78901948826751
-72.48857188895678
-72.18698017201888
-71.88400808827006
-71.57939653972043
-71.27286015455734
-70.96408320708096
-70.65271472790394
-70.33836260592534
-70.02058642523157
-69.69888870155806
-69.37270407619187
-69.04138587843745
-68.70418926360958
-68.36024984587331
-68.0085563344076
-67.64791508585151
-67.2769036089456
-66.8938087431287
-66.49654322643958
-66.08253124131052
-65.64854854340304
-65.19049463700448
-64.70306078975278
-64.17923401372084
-63.60953474739624
-62.98080704953125
-62.274226590221474
-61.46187764301732
-60.50056901367011
-59.31997583827415
-57.798200894913606
-55.706717057914595
-52.571513429950755
-47.26722195419277
-36.56636312092567
-8.20918276359859
35.0
-65.0
-71.42390320286934
-74.643886406714
-74.8615483475713
-74.56994630273046
-74.27245475529853
-73.97480288201353
-73.67692526577999
-73.37866682076759
-73.07985758085732
-72.7803137596662
-72.47983609279217
-72.17820774574659
-71.87519184928627
-71.57052859399253
-71.26393178809829
-70.9550847562863
-70.64363542366718
-70.3291903849816
-70.01130770021696
-69.68948807861824
-69.36316400534653
-69.03168621689211
-68.69430672518777
-68.3501572997905
-67.99822190229241
-67.63730096501709
-67.2659645188759
-66.88248984523258
-66.48477729481517
-66.07023474840202
-65.63561614088957
-65.1767912086344
-64.68840973592974
-64.16339951899734
-63.592194126222466
-62.96150612287711
-62.25230479700236
-61.43633648234706
-60.469828145858045
-59.28139081896381
-57.74703175570214
-55.63369627153953
-52.456350013925665
-47.05814786881271
-36.09934875456481
-6.7639888356676146
35.0
-65.0
-71.43099127104051
-74.65285851332413
-74.86857976315225
-74.57662976539125
-74.27913019093192
-73.98148123712437
-73.68361028144467
-73.38536218965947
-73.0865672645291
-72.78704204328938
-72.48658763009907
-72.1849876100693
-71.8820055933829
-71.57738232070128
-71.27083223425987
-70.96203939301346
-70.65065257689454
-70.33627938136176
-70.01847904494797
-69.69675367384013
-69.37053742055083
-69.0391830266681
-68.70194493506006
-68.3579578886024
-68.00620952066673
-67.645504845602
-67.27441967810219
-66.89123869261564
-66.49387182180129
-66.07973955689022
-65.64561271363954
-65.18738405882833
-64.69973547336605
-64.17564057398837
-63.60560015456609
-62.976428549426544
-62.26925479597281
-61.45608684860136
-60.49360219357486
-69.31123598092178
-76.3376300408143
-77.43065414476932
-77.11050612059402
-77.01200065740265
-76.87599880849118
-76.7483433170126
-76.6215636452275
-76.49678306351638
-76.37382193739249
-76.25268499170191
-76.1333527758348
-76.01580885155828
-75.90003650827569
-75.78601912487261
-75.6737401298316
-75.5631830019686
-75.4543312675534
-75.34716849784068
-75.24167830668445
-75.13784434826556
-75.03565031493329
-74.93507993516586
-74.8361169716523
-74.73874521950026
-74.64294850457192
-74.54871068195206
-74.45601563455055
-74.36484727184208
-74.27518952874583
-74.18702636464695
-74.10034176256207
-74.01511972845036
-73.93134429067184
-73.84899949959352
-73.76806942734466
-73.68853816772153
-73.61038983624186
-73.53360857034826
-73.45817852976108
-73.38408389697915
-73.31130887792719
-73.23983770274846
-73.16965462674128
-73.10074393143557
-73.03308992580878
-72.96667694763664
-72.90148936497602
-72.83751157777628
-72.77472801961488
-72.71312315955305
-72.65268150410677
-72.59338759932812
-72.53522603299197
-72.47818143688227
-72.42223848917212
-72.3673819168921
-72.31359649848015
-72.26086706640695
-72.20917850986986
-72.15851577754937
-72.10886388042056
-72.06020789461276
-72.01253296431086
-71.9658243046906
-71.92006720488101
-71.87524703094688
-71.83134922888416
-71.78835932762115
-71.74626294201835
-71.70504577586053
-71.66469362483357
-71.6251923794801
-71.58652802812645
-71.5486866597757
-71.5116544669597
-71.4754177485446
-71.43996291248389
-71.40527647851358
-71.37134508078425
-71.33815547042495
-71.30569451803389
-71.27394921609225
-71.24290668129605
-71.21255415680271
-71.18287901438902
-71.15386875651632
-71.12551101830104
-71.09779356938704
-71.07070431571825
-71.04423130120871
-71.01836270930917
-70.99308686446817
-70.96839223348678
-70.9442674267661
-70.92070119944721
-70.89768245244268
-70.87520023336049
-70.8532437373198
-70.83180230765974
-70.81086543654148
-70.79042276544477
-70.7704640855602
-70.75097933807825
-70.73195861437713
-70.71339215611087
-70.69527035519951
-70.67758375372397
-70.66032304372696
-70.64347906692325
-70.62704281432084
-70.61100542575657
-70.59535818934772
-70.58009254086325
-70.56520006301703
-70.5506724846861
-70.53650168005686
-70.5226796677019
-70.50919860959094
-70.49605081003831
-70.48322871459044
-70.47072490885611
-70.45853211728262
-70.44664320188066
-70.43505116090105
-70.42374912746631
-70.41273036815953
-70.40198828157415
-70.39151639682686
-70.38130837203641
-70.37135799277162
-70.36165917047032
-70.35220594083286
-70.3429924621917
-70.33401301386046
-70.3252619944639
-70.31673392025209
-70.30842342340033
-70.30032525029712
-70.29243425982241
-70.28474542161844
-70.2772538143541
-70.26995462398602
-70.2628431420169
-70.25591476375392
-70.24916498656778
-70.24258940815497
-70.2361837248039
-70.22994372966674
-70.22386531103822
-70.21794445064275
-70.21217722193069
-70.20655978838533
-70.20108840184155
-70.1957594008167
-70.1905692088554
-70.1855143328884
-70.18059136160684
-70.17579696385226
-70.1711278870234
-70.16658095550012
-70.16215306908516
-70.15784120146456
-70.15364239868649
-70.14955377765969
-70.14557252467166
-70.14169589392665
-70.1379212061042
-70.13424584693827
-70.13066726581718
-70.12718297440476
-70.1237905452826
-70.12048761061361
-70.11727186082719
-70.11414104332587
-70.11109296121347
-70.10812547204495
-70.1052364865977
-70.1024239676646
-70.09968592886835
-70.09702043349732
-70.09442559336283
